[H[2J3.077984e-03
7.247925e-03
8.905888e-03
5.601883e-03
5.633116e-03
1.666682e-01
4.589081e-03
4.875898e-03
4.951000e-03
6.908178e-03
7.040024e-03
9.654045e-03
6.546974e-03
7.554054e-03
4.106998e-03
5.546093e-03
4.466057e-03
6.970167e-03
8.943081e-03
8.759022e-03
1.078892e-02
6.804943e-03
1.671040e-01
9.909868e-03
6.448984e-03
5.075216e-03
8.881092e-03
4.317999e-03
6.210089e-03
1.668570e-01
1.407313e-02
4.048109e-03
7.925034e-03
5.496979e-03
8.753061e-03
9.011030e-03
2.117610e-02
1.182508e-02
1.059508e-02
4.451990e-03
8.712053e-03
1.040101e-02
1.901913e-02
1.364112e-02
4.089713e-02
5.611181e-03
1.266003e-02
1.012087e-02
9.228945e-03
6.983995e-03
2.426696e-02
1.188493e-02
8.641005e-03
1.050687e-02
1.422286e-02
1.939392e-02
8.515120e-03
1.313901e-02
1.131797e-02
1.575708e-02
1.084495e-02
9.011984e-03
2.970099e-02
1.045418e-02
2.352095e-02
2.472091e-02
2.415395e-02
1.955795e-02
3.139687e-02
3.016996e-02
1.348519e-02
1.101899e-02
1.580620e-02
8.569956e-03
1.164198e-02
2.152395e-02
1.314402e-02
4.652214e-02
2.208614e-02
1.307893e-02
3.799295e-02
3.775692e-02
3.813887e-02
3.115106e-02
4.939485e-02
3.143811e-02
3.146482e-02
1.604414e-02
2.405882e-02
7.160902e-03
1.642013e-02
3.587103e-02
1.015997e-02
2.524400e-02
1.093102e-02
1.684785e-02
1.090693e-02
1.709890e-02
1.253891e-02
1.138401e-02
1.606607e-02
1.235890e-02
1.889491e-02
1.130414e-02
1.126885e-02
7.750988e-03
2.570200e-02
1.871395e-02
1.620007e-02
2.508402e-02
3.225708e-02
2.113509e-02
3.152990e-02
2.112412e-02
4.727817e-02
1.471210e-02
1.119804e-02
8.275032e-03
2.490306e-02
1.020598e-02
2.057791e-02
4.563713e-02
4.455304e-02
2.431893e-02
2.127290e-02
2.143002e-02
2.131200e-02
2.851009e-02
2.134800e-02
2.133799e-02
2.155209e-02
2.148294e-02
2.128696e-02
2.141094e-02
2.131414e-02
2.130699e-02
2.132702e-02
2.141094e-02
2.124596e-02
2.131796e-02
2.128410e-02
2.131915e-02
2.132988e-02
2.144814e-02
2.140403e-02
2.125692e-02
2.186680e-02
2.140594e-02
2.142501e-02
2.145600e-02
2.137518e-02
2.280903e-02
2.141285e-02
2.144289e-02
2.136707e-02
2.131391e-02
2.137995e-02
2.145004e-02
2.150893e-02
2.141500e-02
2.127314e-02
2.139497e-02
2.138495e-02
2.163506e-02
2.133203e-02
2.125597e-02
2.135587e-02
2.145696e-02
2.154779e-02
2.137685e-02
2.129316e-02
2.136803e-02
2.131391e-02
2.133989e-02
2.150488e-02
2.122617e-02
2.140999e-02
2.132320e-02
2.135205e-02
2.163792e-02
2.163386e-02
5.020809e-02
5.039811e-02
2.078009e-02
2.009392e-02
6.192517e-02
2.427506e-02
2.162886e-02
3.324509e-02
4.557800e-02
4.580712e-02
2.283597e-02
3.579688e-02
1.862001e-02
7.427931e-03
4.011393e-02
1.176000e-02
7.226992e-02
4.399896e-02
2.095699e-02
2.507496e-02
2.634597e-02
3.655410e-02
2.113104e-02
1.031899e-02
3.275895e-02
2.141905e-02
4.454303e-02
4.093194e-02
4.480696e-02
4.491401e-02
4.561305e-02
9.028387e-02
8.979201e-02
8.972406e-02
2.996898e-02
4.468298e-02
9.904146e-03
4.110885e-02
8.057690e-02
1.275682e-02
4.133415e-02
4.133201e-02
3.956699e-02
7.146502e-02
2.553105e-02
4.786706e-02
1.594710e-02
2.575588e-02
4.175591e-02
3.232622e-02
5.596519e-02
4.985690e-02
4.229498e-02
1.977706e-02
4.229116e-02
3.223181e-02
2.108908e-02
4.219198e-02
3.200197e-02
4.254103e-02
2.191615e-02
2.498388e-02
2.531600e-02
4.767299e-02
8.501101e-02
8.497906e-02
2.500415e-02
2.501798e-02
9.034395e-02
9.261703e-02
1.944900e-02
3.815889e-02
1.502395e-02
4.995394e-02
4.159689e-02
4.575396e-02
3.879595e-02
3.334999e-02
2.673006e-02
2.174401e-02
4.408598e-02
4.425001e-02
1.300652e-01
4.537916e-02
4.409099e-02
4.415321e-02
4.544687e-02
4.405785e-02
4.394102e-02
1.916385e-02
8.801913e-02
5.283904e-02
1.814389e-02
1.103780e-01
5.530095e-02
1.301370e-01
7.039380e-02
2.243304e-02
1.854300e-02
1.463311e-01
2.639794e-02
4.101801e-02
4.296589e-02
5.419588e-02
2.701998e-02
2.706695e-02
2.450204e-02
6.747508e-02
1.497149e-01
4.179716e-02
2.816987e-02
2.828503e-02
1.730809e-01
3.209400e-02
2.828693e-02
5.800104e-02
1.318462e-01
4.947996e-02
2.815485e-02
1.371381e-01
1.584291e-02
1.649609e-01
1.659322e-01
9.324718e-02
1.731551e-01
1.720400e-01
4.934597e-02
3.386903e-02
1.755900e-01
1.741490e-01
1.753511e-01
4.045415e-02
8.744597e-02
6.158781e-02
1.697581e-01
3.890514e-02
3.869987e-02
8.821988e-02
3.870797e-02
5.632281e-02
5.672193e-02
5.623198e-02
5.642891e-02
5.616212e-02
5.698395e-02
5.617809e-02
5.659294e-02
5.618596e-02
6.403184e-02
5.617189e-02
5.653000e-02
5.627704e-02
5.620289e-02
5.624509e-02
5.662704e-02
5.629802e-02
5.640721e-02
5.622482e-02
5.651188e-02
5.619502e-02
5.662203e-02
5.636096e-02
5.646896e-02
5.658913e-02
5.613494e-02
5.613494e-02
5.657601e-02
5.655503e-02
5.622196e-02
5.652714e-02
5.636787e-02
5.644488e-02
5.644798e-02
5.619192e-02
5.724192e-02
5.652308e-02
5.653596e-02
5.654883e-02
5.640388e-02
5.608106e-02
5.638790e-02
5.625200e-02
5.643702e-02
5.630493e-02
5.613208e-02
5.617309e-02
5.641794e-02
5.621386e-02
5.647898e-02
5.648708e-02
5.848193e-02
5.381012e-02
5.647516e-02
5.804515e-02
5.527091e-02
2.370000e-02
2.370691e-02
6.521893e-02
2.838516e-02
3.435898e-02
1.406829e-01
3.346782e-01
3.971887e-02
4.621601e-02
4.922318e-02
4.891610e-02
2.324295e-02
3.305490e-01
9.324598e-02
2.312803e-02
8.786201e-02
1.282918e-01
1.273479e-01
1.275289e-01
1.288478e-01
1.283879e-01
1.276822e-01
1.300910e-01
1.277759e-01
1.283300e-01
1.286609e-01
1.273420e-01
1.278119e-01
1.271868e-01
1.280181e-01
1.274118e-01
1.282790e-01
1.272430e-01
1.651940e-01
1.276269e-01
1.282229e-01
1.272550e-01
1.277170e-01
1.272480e-01
1.282940e-01
1.278260e-01
1.331341e-01
4.484489e-01
5.779004e-02
5.749798e-02
6.006718e-02
1.021559e-01
6.557417e-02
8.819914e-02
7.427001e-02
8.911395e-02
8.062696e-02
6.187606e-02
8.504486e-02
4.743195e-02
1.621580e-01
8.580089e-02
1.334050e-01
1.003511e-01
1.298890e-01
1.292889e-01
1.366510e-01
1.285801e-01
1.295979e-01
1.172459e-01
4.926300e-02
7.828212e-02
9.143686e-02
9.084201e-02
6.649399e-02
6.654119e-02
1.674688e-01
1.387391e-01
4.987717e-02
1.446950e-01
5.269909e-02
2.875080e-01
1.152530e-01
4.817221e-01
1.037331e-01
1.426439e-01
3.932831e-01
3.916550e-01
1.304901e-01
8.661008e-02
8.734798e-02
8.680391e-02
8.698797e-02
8.708787e-02
9.149098e-02
8.699298e-02
8.772993e-02
8.755302e-02
8.761692e-02
8.638906e-02
8.694696e-02
8.706903e-02
8.720899e-02
8.662200e-02
8.697319e-02
8.712912e-02
9.397793e-02
4.967189e-02
8.701396e-02
8.690310e-02
8.728790e-02
8.683920e-02
8.701897e-02
8.682108e-02
8.697701e-02
8.690500e-02
8.709908e-02
8.662200e-02
8.694792e-02
8.651400e-02
8.704090e-02
8.674502e-02
8.677292e-02
8.652496e-02
8.710599e-02
8.662200e-02
8.685708e-02
8.662415e-02
8.706689e-02
8.652782e-02
8.716989e-02
8.676887e-02
8.671379e-02
8.656907e-02
8.729696e-02
8.693886e-02
8.682609e-02
8.721113e-02
8.711100e-02
8.680701e-02
8.708596e-02
8.677101e-02
8.824396e-02
8.730197e-02
8.729601e-02
8.724189e-02
8.700585e-02
8.681417e-02
8.725214e-02
8.663702e-02
8.724403e-02
8.653092e-02
8.673191e-02
8.643484e-02
8.699989e-02
8.662415e-02
8.689499e-02
8.674407e-02
8.708715e-02
8.687115e-02
8.703780e-02
1.299410e-01
1.309099e-01
5.794811e-02
1.299260e-01
1.298940e-01
1.308792e-01
1.296139e-01
1.297650e-01
1.295710e-01
1.305962e-01
1.299100e-01
1.302299e-01
1.296730e-01
1.237240e-01
1.114960e-01
6.636190e-02
7.346082e-02
1.331990e-01
1.325901e-01
1.785879e-01
2.155521e-01
1.024383e+00
2.077601e-01
6.246321e-01
1.083748e-01
1.882422e-01
2.177699e-01
2.127368e-01
2.116699e-01
2.802701e-01
8.877611e-02
8.922791e-02
1.155879e-01
1.544781e-01
8.278790e-01
9.294200e-02
9.329987e-02
6.800008e-02
1.707921e-01
2.145751e-01
1.447518e-01
1.453578e-01
7.861400e-02
1.191800e-01
7.011294e-02
2.390718e-01
2.391212e-01
2.391210e-01
2.376411e-01
2.383058e-01
3.053551e-01
2.375078e-01
2.379379e-01
2.387860e-01
2.384861e-01
2.370651e-01
2.378659e-01
2.387171e-01
2.371480e-01
2.384360e-01
2.376471e-01
2.385900e-01
2.367930e-01
2.379000e-01
2.410562e-01
2.368190e-01
2.378161e-01
2.383831e-01
2.377269e-01
2.368190e-01
2.392790e-01
2.377961e-01
2.383680e-01
2.370040e-01
2.387419e-01
2.381420e-01
2.425430e-01
2.376189e-01
2.385440e-01
2.395132e-01
2.417161e-01
2.378781e-01
3.351719e-01
2.400742e-01
2.417681e-01
2.376511e-01
2.385919e-01
2.377858e-01
2.383502e-01
2.374260e-01
2.393641e-01
8.334398e-02
5.642529e-01
6.624289e-01
2.050421e-01
9.619594e-02
3.295212e-01
1.382010e-01
4.636462e-01
1.985629e-01
3.094759e-01
2.711999e-01
4.020989e-01
1.203372e+00
2.265818e-01
5.748391e-02
2.433410e-01
2.007709e-01
1.068728e-01
2.426062e-01
1.683450e-01
2.420881e-01
2.432940e-01
2.426000e-01
2.419980e-01
2.431078e-01
2.429700e-01
2.426939e-01
2.421169e-01
4.893880e-01
1.131711e-01
7.173309e-01
1.815200e-01
4.766583e-02
1.805630e-01
6.992509e-01
9.933019e-02
2.407649e-01
3.075831e-01
4.590139e-01
1.061502e-01
1.708879e-01
5.874395e-02
9.207416e-02
2.365940e-01
2.197890e-01
3.085790e-01
2.036161e-01
3.294821e-01
2.421179e-01
2.425449e-01
8.293619e-01
1.995640e-01
2.427821e-01
2.436972e-01
2.445290e-01
2.422469e-01
2.437899e-01
2.432148e-01
2.932830e-01
2.421200e-01
2.436509e-01
2.450340e-01
2.427659e-01
2.439699e-01
2.430031e-01
2.433929e-01
2.952771e-01
2.437060e-01
5.439079e-01
2.423110e-01
4.634159e-01
2.414930e-01
2.416141e-01
3.174279e-01
6.034398e-02
2.419140e-01
1.341681e-01
2.909281e-01
1.061230e-01
1.068170e-01
1.291950e-01
4.543440e-01
4.633360e-01
3.066928e-01
1.635580e-01
5.141807e-02
1.375232e-01
8.407497e-02
8.366513e-02
1.588140e-01
3.273180e-01
2.775800e-01
9.868069e-01
3.193209e-01
3.607140e-01
8.298707e-02
8.265495e-02
3.207021e-01
1.903845e+00
8.281803e-02
3.457649e-01
1.934490e-01
1.570470e-01
3.142359e-01
3.945210e-01
3.942120e-01
1.690741e-01
1.401518e+00
5.365150e-01
1.765568e-01
2.888188e-01
4.682190e-01
4.249899e-01
2.334740e-01
2.364528e-01
2.836139e-01
8.357501e-02
3.586380e-01
3.602979e-01
1.943221e-01
3.100760e-01
5.061879e-01
1.789501e-01
2.387321e-01
1.014040e-01
2.328181e-01
5.080521e-01
4.949439e-01
2.317791e-01
1.658950e-01
5.278330e-01
6.086359e-01
2.323439e-01
2.323670e-01
5.697460e-01
5.732250e-01
2.327690e-01
5.745451e-01
5.698540e-01
5.770910e-01
5.740268e-01
5.757530e-01
2.723050e-01
2.318869e-01
4.300399e-01
1.395719e-01
1.164150e-01
3.855228e-01
1.241601e-01
3.761280e-01
2.324781e-01
4.344249e-01
1.756461e-01
3.598800e-01
2.561371e-01
8.575618e-01
1.859670e-01
6.421630e-01
5.536590e-01
1.599290e-01
8.581340e-01
2.115810e-01
6.633611e-01
6.933990e-01
8.794668e-01
7.300911e-01
1.988521e-01
2.123511e-01
8.893480e-01
8.980391e-01
9.117820e-01
2.283380e-01
1.968441e-01
2.943480e-01
1.843479e-01
8.726962e-01
1.844909e-01
1.859698e-01
1.595271e-01
2.724609e-01
1.835580e-01
1.818769e-01
1.828852e-01
1.810248e-01
1.864939e-01
3.196151e-01
2.607081e-01
4.545209e-01
4.569781e-01
4.546480e-01
4.592111e-01
4.574950e-01
4.557140e-01
4.565589e-01
4.557920e-01
4.551828e-01
4.590340e-01
4.550650e-01
4.572601e-01
4.549429e-01
4.566751e-01
4.582441e-01
4.589791e-01
4.548500e-01
4.567440e-01
4.557791e-01
4.623160e-01
4.552820e-01
4.548221e-01
4.561610e-01
4.582391e-01
4.561150e-01
4.588671e-01
4.550099e-01
4.587431e-01
4.545860e-01
4.547811e-01
4.570701e-01
4.578550e-01
4.543009e-01
4.572978e-01
4.547310e-01
4.582510e-01
4.589539e-01
4.564998e-01
4.568639e-01
4.569049e-01
4.556911e-01
4.549310e-01
4.542351e-01
4.591219e-01
4.571669e-01
4.566660e-01
4.576931e-01
4.550202e-01
4.567440e-01
4.546280e-01
